2024-07-081720489077 980,543 4917.0
1720489077 984,534 6621.5
1720489078 986,537 6048.5
1720489078 972,561 3592.0
1720489078 982,538 6277.0
1720489078 982,538 6221.0
1720489078 981,536 6187.0
1720489078 978,546 5248.0
1720489078 976,540 6023.5
1720489078 978,541 5861.5
1720489078 981,537 5520.5
1720489078 978,532 6042.0
1720489078 980,522 6010.5
1720489078 979,516 5725.0
1720489078 975,516 6066.5
1720489078 973,516 6017.5
1720489078 972,517 6391.5
1720489078 972,515 6157.0
1720489079 970,514 6465.0
1720489079 970,513 6086.0
1720489079 970,513 6195.0
1720489079 969,511 6159.0
1720489079 969,508 6084.0
1720489079 964,504 5885.0
1720489079 948,505 6387.0
1720489079 937,509 6137.5
1720489079 958,483 2332.5
1720489079 42,66 461.0
1720489079 24,66 941.5
1720489079 1800,814 394.0
1720489079 5,442 143.0
1720489079 1702,901 243.5
1720489079 215,19 132.5
1720489080 1048,497 141.5
1720489080 1034,515 63.0
1720489080 1035,514 298.5
1720489080 1004,535 1026.0
1720489080 953,606 290.0
1720489080 197,64 689.0
1720489080 25,408 152.0
1720489080 901,1021 715.5
1720489080 1822,900 458.5
1720489080 41,299 559.5
1720489080 1,303 12.0
1720489080 11,67 513.0
1720489080 30,750 5097.0
1720489080 179,558 6216.5
1720489080 359,402 4548.0
1720489080 473,314 4388.0
1720489081 552,252 4895.0
1720489081 608,218 5247.0
1720489081 652,199 4884.5
1720489081 695,187 5153.0
1720489081 734,177 5334.5
1720489081 752,174 5293.0
1720489081 781,175 5503.5
1720489081 800,178 5734.5
1720489081 807,181 5847.5
1720489081 815,193 5964.5
1720489081 819,203 6158.5
1720489081 823,228 6287.5
1720489081 821,258 6514.5
1720489081 812,285 6456.0
1720489081 798,309 6309.5
1720489081 789,319 6316.0
1720489082 768,337 6055.5
1720489082 747,349 5732.5
1720489082 728,360 5595.5
1720489082 714,366 5291.0
1720489082 704,366 5064.5
1720489082 696,365 4865.0
1720489082 689,366 4615.0
1720489082 679,377 4519.5
1720489082 667,396 4249.0
1720489082 652,415 4044.0
1720489082 642,428 3833.0
1720489082 641,435 3601.0
1720489082 642,438 3547.0
1720489082 648,440 3279.0
1720489082 657,438 3168.5
1720489082 672,433 2942.5
1720489083 696,427 2780.0
1720489083 711,424 2575.5
1720489083 747,414 2517.5
1720489083 783,407 2378.0
1720489083 803,404 2423.5
1720489083 841,398 2217.5
1720489083 878,396 2178.0
1720489083 910,394 2065.0
1720489083 942,393 2150.5
1720489083 972,392 1940.5
1720489083 1002,393 1989.5
1720489083 1035,392 1805.0
1720489083 1069,395 1660.5
1720489083 1105,397 1592.5
1720489083 1143,402 1536.5
1720489084 1181,407 1635.5
1720489084 1216,409 1553.0
1720489084 1246,410 1549.5
1720489084 1270,410 1425.5
1720489084 1294,412 1272.0
1720489084 1314,415 1309.5
1720489084 1332,418 1381.5
1720489084 1352,422 1333.5
1720489084 1375,428 1306.5
1720489084 1392,430 1251.0
1720489084 1403,429 1147.5
1720489084 1406,423 973.0
1720489084 1403,416 934.0
1720489084 1394,409 1026.0
1720489084 1391,406 926.0
1720489085 1389,399 893.0
1720489085 1391,391 780.5
1720489085 1397,385 530.0
1720489085 1402,387 905.0
1720489085 1411,385 850.5
1720489085 1417,389 873.5
1720489085 1421,389 853.0
1720489085 1423,391 970.5
1720489085 1425,390 834.0
1720489085 1427,390 906.5
1720489085 1426,390 885.0
1720489085 1430,385 783.5
1720489085 1431,383 766.0
1720489085 1432,383 794.5
1720489085 1435,379 635.5
1720489085 1437,383 747.0
1720489086 1440,382 558.5
1720489086 1440,383 671.5
1720489086 1447,386 750.0
1720489086 1457,386 628.0
1720489086 1464,384 616.5
1720489086 1472,386 527.5
1720489086 1474,388 569.0
1720489086 1477,390 659.5
1720489086 1478,388 488.0
1720489086 1476,391 620.0
1720489086 1470,392 509.5
1720489086 1466,392 560.0
1720489086 1461,394 453.5
1720489086 1462,395 690.0
1720489086 1460,397 474.5
1720489086 273,654 693.5
1720489087 1462,398 444.0
1720489087 1461,399 404.0
1720489087 1459,400 260.0
1720489087 1463,397 373.5
1720489087 1461,398 358.0
1720489087 1458,400 483.5
1720489087 1456,399 462.0
1720489087 1456,400 539.5
1720489087 1453,402 546.5
1720489087 1455,400 529.0
1720489087 1451,401 418.5
1720489087 1450,399 457.5
1720489087 1447,401 650.0
1720489087 1448,397 568.0
1720489087 1444,398 435.5
1720489087 1444,401 620.5
1720489088 1443,400 543.0
1720489088 1445,401 621.0
1720489088 1446,401 606.0
1720489088 1452,399 436.0
1720489088 1453,400 518.5
1720489088 1456,396 328.0
1720489088 1453,401 614.0
1720489088 1450,400 554.5
1720489088 1447,395 463.5
1720489088 1441,394 485.0
1720489088 1435,391 422.0
1720489088 1430,389 390.0
1720489088 1424,387 400.0
1720489088 1417,388 466.5
1720489088 1408,386 436.0
1720489089 1397,386 538.5
1720489089 1391,380 357.0
1720489089 1387,380 343.5
1720489089 1376,378 434.0
1720489089 1368,376 351.0
1720489089 1361,375 397.5
1720489089 1353,377 472.0
1720489089 201,98 578.5
1720489089 1343,376 408.5
1720489089 1337,373 396.0
1720489089 1333,374 490.5
1720489089 1325,372 444.5
1720489089 1317,372 383.0
1720489089 1310,370 446.5
1720489089 1305,370 541.0
1720489089 1304,367 532.0
1720489089 1302,369 543.0
1720489090 1300,369 522.0
1720489090 1296,370 623.0
1720489090 1294,372 691.0
1720489090 1294,373 615.5
1720489090 1291,376 606.5
1720489090 1290,378 621.5
1720489090 1290,379 533.0
1720489090 1291,377 547.5
1720489090 1288,379 609.5
1720489090 1287,380 591.0
1720489090 29,313 629.5
1720489090 1280,384 747.0
1720489090 1279,383 634.5
1720489090 1272,385 732.5
1720489090 1265,387 907.0
1720489091 1258,388 901.5
1720489091 1256,391 1003.5
1720489091 1247,393 859.0
1720489091 1241,394 908.5
1720489091 1232,396 832.0
1720489091 1220,401 960.5
1720489091 1213,402 962.0
1720489091 1209,402 991.5
1720489091 1206,404 948.5
1720489091 1206,405 969.5
1720489091 1206,405 996.0
1720489091 1203,407 1070.5
1720489091 1202,406 985.5
1720489091 1200,410 867.5
1720489091 1197,411 1031.0
1720489091 1197,411 981.0
1720489091 1196,410 951.5
1720489092 1195,410 1025.5
1720489092 1192,411 1041.5
1720489092 1189,412 1047.0
1720489092 1188,411 982.5
1720489092 1183,410 1037.0
1720489092 1182,410 916.0
1720489092 1181,410 1116.0
1720489092 1178,412 986.0
1720489092 1179,414 801.5
1720489092 1178,413 1064.5
1720489092 1179,415 1025.0
1720489092 1179,414 1129.5
1720489092 1179,415 1138.0
1720489092 1180,413 1128.5
1720489092 1179,414 1136.5
1720489092 1179,414 1173.0
1720489092 1176,414 1126.5
1720489093 1173,414 1136.5
1720489093 1170,416 1301.0
1720489093 1167,418 1235.0
1720489093 1160,420 1298.0
1720489093 1156,420 1421.0
1720489093 1151,422 1374.5
1720489093 1148,421 1495.5
1720489093 1145,421 1359.0
1720489093 1146,416 1502.0
1720489093 1145,415 1516.0
1720489093 1144,409 1679.0
1720489093 1147,404 1861.5
1720489093 1151,400 1837.0
1720489093 1156,398 1815.5
1720489093 1156,399 1778.0
1720489094 1161,396 2206.5
1720489094 1162,396 2101.5
1720489094 1167,394 2177.5
1720489094 1173,392 2390.5
1720489094 1181,389 2477.0
1720489094 1186,387 2458.5
1720489094 1197,382 2743.5
1720489094 1212,379 3004.5
1720489094 1225,375 3354.5
1720489094 1234,375 3651.0
1720489094 1243,377 3816.5
1720489094 1254,380 4307.5
1720489094 1269,383 4583.5
1720489094 1285,389 5021.5
1720489094 1298,388 5207.0
1720489094 1304,386 5846.0
1720489095 1298,385 5811.0
1720489095 1285,389 5929.0
1720489095 1265,395 5676.5
1720489095 1253,394 5454.5
1720489095 1231,390 4995.5
1720489095 1221,387 4826.5
1720489095 1207,377 4148.0
1720489095 1202,366 3776.5
1720489095 1203,360 3939.0
1720489095 1210,345 3165.5
1720489095 1224,338 3066.0
1720489095 1240,335 2727.0
1720489095 1256,340 2518.5
1720489095 1265,351 2180.5
1720489095 1270,369 1746.5
1720489095 1281,386 1820.5
1720489096 1287,394 1672.5
1720489096 1305,398 1469.5
1720489096 1327,399 1444.5
1720489096 1347,395 1576.0
1720489096 1362,390 1237.5
1720489096 1375,388 1342.5
1720489096 1387,385 1253.0
1720489096 1396,391 957.5
1720489096 1410,390 1182.5
1720489096 1422,394 1313.5
1720489096 1435,399 1212.5
1720489096 1437,400 1100.5
1720489096 1442,398 1396.0
1720489096 1452,390 943.0
1720489096 1454,388 745.0
1720489097 1447,383 1050.0
1720489097 1448,385 887.0
1720489097 1448,387 835.0
1720489097 1448,392 895.0
1720489097 1451,392 714.0
1720489097 1449,395 1198.0
1720489097 1442,400 703.5
1720489097 1439,395 715.5
1720489097 1424,395 1025.5
1720489097 1412,395 1042.0
1720489097 1399,397 1051.0
1720489097 1387,400 801.0
1720489097 1384,400 871.5
1720489097 1380,403 1019.0
1720489097 1378,405 923.0
1720489098 1376,407 832.0
1720489098 1375,408 947.0
1720489098 1373,410 985.0
1720489098 1368,412 982.5
1720489098 1362,414 819.5
1720489098 1357,415 791.0
1720489098 1349,418 933.0
1720489098 1347,418 894.0
1720489098 1341,419 758.0
1720489098 1338,421 854.0
1720489098 1333,421 759.0
1720489098 1329,424 835.0
1720489098 1324,425 644.5
1720489098 1321,428 772.5
1720489098 1319,429 726.5
1720489098 1318,433 766.0
1720489098 1314,432 784.0
1720489099 1313,434 756.5
1720489099 1310,436 781.0
1720489099 1307,437 764.0
1720489099 1304,437 780.0
1720489099 1303,437 692.5
1720489099 1302,436 708.5
1720489099 1302,436 694.5
1720489099 1304,437 747.5
1720489099 1303,437 771.5
1720489099 1303,438 760.5
1720489099 1303,438 743.0
1720489099 1302,437 723.5
1720489099 1302,439 783.0
1720489099 1302,437 731.0
1720489099 1302,437 722.0
1720489099 1301,438 795.0
1720489100 1299,437 806.0
1720489100 1297,437 735.5
1720489100 1295,435 794.5
1720489100 1290,433 831.0
1720489100 1285,430 790.5
1720489100 1275,429 929.0
1720489100 1265,426 904.0
1720489100 1255,425 925.0
1720489100 1248,425 929.5
1720489100 1234,425 929.5
1720489100 1222,424 789.5
1720489100 1212,422 1014.0
1720489100 1206,422 1084.5
1720489100 1208,419 1077.0
1720489100 1203,414 1251.5
1720489100 1201,408 1508.5
1720489101 1197,401 1605.5
1720489101 1194,399 1607.0
1720489101 1197,398 1883.5
1720489101 1201,398 1766.5
1720489101 1209,400 1884.0
1720489101 1222,403 2430.5
1720489101 1229,408 2737.5
1720489101 1232,418 2368.0
1720489101 1235,428 3279.5
1720489101 1230,444 3350.5
1720489101 1226,459 3761.0
1720489101 1226,475 4122.0
1720489101 1232,487 4557.0
1720489101 1242,500 4952.5
1720489101 1256,513 5296.5
1720489102 1266,524 5489.5
1720489102 1277,535 6080.0
1720489102 1287,538 6744.0
1720489102 1298,541 8075.0
1720489102 1313,538 8789.5
1720489102 1331,535 9357.5
1720489102 1345,536 9796.0
1720489102 1348,537 10306.0
1720489102 1343,532 10766.0
1720489102 1339,530 11437.0
1720489102 1328,529 12030.5
1720489102 1316,532 13183.0
1720489102 1304,530 13759.0
1720489102 1291,523 14630.0
1720489102 1275,511 14901.0
1720489102 1264,502 15689.5
1720489103 1258,502 16210.5
1720489103 1257,516 17441.0
1720489103 1258,539 18826.5
1720489103 1265,570 19620.0
1720489103 1268,585 19978.0
1720489103 1268,619 21266.5
1720489103 1268,641 22451.5
1720489103 1270,648 22502.5
1720489103 1280,656 22956.0
1720489103 1294,655 23425.0
1720489103 1311,652 23552.5
1720489103 1326,643 23332.5
1720489103 1339,632 23164.0
1720489103 1345,626 23265.0
1720489103 1351,616 23235.5
1720489103 1351,612 23499.0
1720489104 1346,616 24303.0
1720489104 1324,630 24637.0
1720489104 1279,651 26367.0
1720489104 1221,669 29015.5
1720489104 1155,676 31112.0
1720489104 1092,661 33546.5
1720489104 1022,644 34834.5
1720489104 988,641 36493.5
1720489104 932,640 37423.5
1720489104 904,646 36781.0
1720489104 903,648 36382.5
1720489104 915,654 35792.5
1720489104 927,657 35081.5
1720489104 932,660 34808.0
1720489104 938,665 34752.0
1720489104 940,669 33991.0
1720489104 939,669 34003.5
1720489105 939,665 33025.0
1720489105 941,659 32352.0
1720489105 944,655 31640.5
1720489105 957,639 29320.5
1720489105 975,617 25686.5
1720489105 1005,587 21311.5
1720489105 1021,572 18940.5
1720489105 1035,551 15192.5
1720489105 1041,531 12264.0
1720489105 1042,524 10998.5
1720489105 1044,516 9495.5
1720489105 1042,515 8700.0
1720489105 1033,509 7434.0
1720489105 1019,503 6793.5
1720489105 1012,501 6256.0
1720489105 1003,495 5438.0
1720489105 999,487 4986.0
1720489106 1003,480 4421.5
1720489106 1006,472 3827.0
1720489106 1013,466 3532.5
1720489106 1030,465 3218.5
1720489106 1050,464 3094.5
1720489106 1073,466 2889.0
1720489106 1084,467 2824.0
1720489106 1105,468 2713.5
1720489106 1118,467 2775.0
1720489106 1136,471 2658.0
1720489106 1152,475 2587.0
1720489106 1161,480 2752.5
1720489106 1171,484 2602.5
1720489106 1178,485 2571.5
1720489106 1185,483 2657.5
1720489106 1190,484 2570.5
1720489107 1189,486 2525.0
1720489107 1190,487 2658.0
1720489107 1188,488 2539.5
1720489107 1188,488 2812.0
1720489107 1186,488 2768.5
1720489107 1185,491 2550.5
1720489107 1184,492 2645.0
1720489107 1184,495 2618.5
1720489107 1186,496 2687.5
1720489107 1187,495 2599.5
1720489107 1190,493 2434.0
1720489107 1192,496 2450.0
1720489107 1192,497 2391.5
1720489107 1191,496 2254.5
1720489107 1197,492 2248.5
1720489107 1198,491 2126.0
1720489107 1201,486 1832.5
1720489108 1202,478 1689.0
1720489108 1205,467 1392.0
1720489108 1208,461 1452.0
1720489108 1219,450 942.0
1720489108 1229,437 1019.0
1720489108 1244,432 630.5
1720489108 200,56 2367.5
1720489108 1260,416 677.5
1720489108 1262,405 558.5
1720489108 1261,400 598.5
1720489108 1258,387 419.5
1720489108 1246,378 756.0
1720489108 1242,369 604.5
1720489108 1239,368 419.5
1720489108 1247,371 505.0
1720489108 1254,374 464.0
1720489109 219,279 121.0
1720489109 1276,399 501.0
1720489109 1290,409 287.0
1720489109 1300,418 241.5
1720489109 1314,431 434.5
1720489109 198,103 1031.5
1720489109 270,654 598.5
1720489109 1345,451 461.5
1720489109 1348,452 486.0
1720489109 1345,450 498.0
1720489109 1340,447 324.0
1720489109 1335,447 471.5
1720489109 1329,444 447.0
1720489109 1322,443 427.5
1720489109 1320,440 461.0
1720489110 1315,439 476.5
1720489110 1312,439 416.5
1720489110 1311,439 541.0
1720489110 1310,437 407.0
1720489110 1307,440 443.5
1720489110 1303,442 460.5
1720489110 1299,445 522.0
1720489110 1295,448 478.0
1720489110 1294,449 469.0
1720489110 1294,449 434.5
1720489110 1295,447 468.5
1720489110 1300,446 488.0
1720489110 1304,449 500.0
1720489110 1309,448 391.0
1720489110 1313,450 583.5
1720489110 1317,451 507.0
1720489110 1317,453 391.5
1720489110 1318,455 386.0
1720489111 1318,458 499.0
1720489111 1315,461 476.5
1720489111 1311,465 308.0
1720489111 1306,466 417.5
1720489111 1301,466 358.0
1720489111 1297,468 355.5
1720489111 1291,464 307.0
1720489111 1286,465 307.5
1720489111 1279,466 218.5
1720489111 87,67 43.0
1720489111 1275,464 265.5
1720489111 1272,464 395.5
1720489111 1272,466 295.0
1720489111 1270,463 373.0
1720489111 1269,465 307.0
1720489112 1266,465 301.0
1720489112 257,656 242.5
1720489112 1264,466 180.5
1720489112 1263,469 201.5
1720489112 1262,472 293.0
1720489112 269,655 764.0
1720489112 1260,474 145.5
1720489112 1258,476 137.5
1720489112 1260,473 231.5
1720489112 209,68 837.5
1720489112 1267,471 172.0
1720489112 1273,470 132.0
1720489112 193,101 287.0
1720489112 1281,468 161.0
1720489112 1281,470 152.5
1720489113 270,170 804.0
1720489113 1283,480 229.5
1720489113 85,143 50.0
1720489113 1280,485 199.5
1720489113 215,19 318.0
1720489113 346,311 20.0
1720489113 273,663 170.0
1720489113 271,654 743.0
1720489113 1272,497 151.5
1720489113 1271,501 143.0
1720489113 1274,498 6.5
1720489113 274,654 58.5
1720489113 37,289 84.0
1720489113 227,103 216.5
1720489113 1274,488 195.0
1720489113 33,387 638.5
1720489114 1279,475 91.0
1720489114 6,311 114.5
1720489114 212,15 252.5
1720489114 440,835 126.5
1720489114 201,55 156.0
1720489114 1729,1015 92.0
1720489114 256,654 114.0
1720489114 278,654 290.0
1720489114 9,310 203.0
1720489114 1248,456 234.0
1720489114 203,39 447.5
1720489114 213,655 33.0
1720489114 1581,696 259.5
1720489114 201,85 39.5
1720489114 1846,687 347.0
1720489114 1255,471 258.0
1720489114 180,121 64.0
1720489115 1252,467 93.5
1720489115 1711,1061 23.0
1720489115 1250,471 8.5
1720489115 255,655 114.0
1720489115 1245,476 141.5
1720489115 216,67 140.5
1720489115 1588,697 456.0
1720489115 1237,475 31.0
1720489115 1232,480 186.5
1720489115 1227,482 160.5
1720489115 1221,482 275.0
1720489115 55,298 327.0
1720489115 1213,483 226.0
1720489115 1207,485 331.0
1720489115 1851,724 386.0
1720489116 194,126 377.5
1720489116 271,657 481.0
1720489116 1193,492 340.5
1720489116 1192,494 306.0
1720489116 1190,496 210.0
1720489116 1185,495 159.5
1720489116 1186,496 248.5
1720489116 20,417 364.0
1720489116 1186,496 79.5
1720489116 1188,491 207.5
1720489116 1187,496 227.5
1720489116 1189,493 175.5
1720489116 1188,496 291.0
1720489116 1187,491 288.0
1720489117 1189,491 251.0
1720489117 1189,493 295.0
1720489117 1189,492 361.5
1720489117 1190,494 288.0
1720489117 201,83 1951.0
1720489117 273,194 889.0
1720489117 1189,495 316.0
1720489117 1188,495 306.5
1720489117 1186,494 196.5
1720489117 1183,497 217.0
1720489117 1182,494 272.5
1720489117 1184,495 278.0
1720489117 1184,495 227.0
1720489117 1185,492 108.5
1720489117 1709,1056 159.0
1720489118 1181,496 184.0
1720489118 1178,498 388.0
1720489118 1178,497 225.0
1720489118 1175,501 395.0
1720489118 1177,498 102.5
1720489118 1176,500 221.0
1720489118 1178,499 164.5
1720489118 207,28 90.0
1720489118 1178,504 204.0
1720489118 1175,1075 41.5
1720489118 1175,504 365.0
1720489118 203,65 229.0
1720489118 1173,504 154.5
1720489118 226,3 54.5
1720489118 1174,503 174.5
1720489119 1449,1038 351.5
1720489119 1174,502 220.5
1720489119 1172,504 217.5
1720489119 1176,503 184.5
1720489119 1171,503 238.0
1720489119 198,85 250.0
1720489119 1167,506 327.5
1720489119 1169,515 62.0
1720489119 1161,513 242.0
1720489119 1162,509 186.0
1720489119 1160,508 569.5
1720489119 1161,509 430.5
1720489119 1161,507 427.0
1720489119 72,70 401.5
1720489119 1160,506 291.0
1720489120 1160,507 535.5
1720489120 1155,507 389.0
1720489120 1150,507 346.0
1720489120 1148,506 458.5
1720489120 1141,504 611.0
1720489120 1134,505 583.0
1720489120 1129,505 615.0
1720489120 1127,505 578.0
1720489120 1120,504 479.0
1720489120 1119,509 429.5
1720489120 1115,505 562.5
1720489120 1111,507 724.5
1720489120 1107,509 685.5
1720489120 203,56 707.5
1720489120 1100,512 799.5
1720489121 1098,513 597.0
1720489121 1101,514 666.0
1720489121 1103,514 753.0
1720489121 1104,511 728.0
1720489121 1103,513 813.5
1720489121 1105,513 900.0
1720489121 1102,512 795.5
1720489121 1103,513 574.0
1720489121 1105,510 923.0
1720489121 1105,513 756.5
1720489121 1107,509 699.5
1720489121 1104,513 484.0
1720489121 1105,512 598.0
1720489121 1105,511 833.0
1720489121 1106,510 782.5
1720489122 1106,512 913.0
1720489122 1108,512 662.5
1720489122 1108,513 748.5
1720489122 1108,513 847.0
1720489122 1107,511 683.5
1720489122 1108,509 722.0
1720489122 1106,512 709.0
1720489122 1107,512 861.0
1720489122 1106,513 821.0
1720489122 1105,513 888.5
1720489122 1106,514 788.0
1720489122 1106,516 761.0
1720489122 1106,513 636.5
1720489122 1106,514 768.5
1720489122 1104,516 702.0
1720489123 1105,515 691.0
1720489123 1104,517 732.5
1720489123 1107,517 731.5
1720489123 1104,516 728.0
1720489123 1105,518 699.5
1720489123 1104,516 721.0
1720489123 1103,518 516.0
1720489123 1104,520 752.0
1720489123 1103,519 576.0
1720489123 1103,520 598.0
1720489123 1105,518 682.0
1720489123 1104,522 947.5
1720489123 1103,520 700.5
1720489123 1103,521 705.0
1720489124 1104,523 738.5
1720489124 1104,523 781.0
1720489124 1102,520 673.0
1720489124 1105,521 795.5
1720489124 1104,522 656.5
1720489124 1101,519 571.5
1720489124 1101,521 505.5
1720489124 1103,520 561.5
1720489124 1104,519 595.5
1720489124 1104,521 807.5
1720489124 1103,521 710.5
1720489124 1103,520 560.0
1720489124 1102,521 657.5
1720489124 1105,520 835.0
1720489124 1101,518 716.5
1720489125 1101,518 673.0
1720489125 1103,521 676.5
1720489125 1102,521 454.0
1720489125 1103,520 521.5
1720489125 1103,522 755.0
1720489125 1103,522 603.0
1720489125 1103,520 443.5
1720489125 1104,521 551.0
1720489125 1104,523 661.5
1720489125 1102,522 782.0
1720489125 1103,522 748.5
1720489125 1104,524 594.0
1720489125 1102,518 838.5
1720489125 1100,523 823.0
1720489126 1102,524 676.5
1720489126 1102,523 708.5
1720489126 1104,525 880.5
1720489126 1102,525 629.0
1720489126 1102,526 568.0
1720489126 1104,524 628.0
1720489126 1102,524 707.0
1720489126 1101,526 703.0
1720489126 1101,525 711.5
1720489126 1101,523 779.5
1720489126 1100,526 614.5
1720489126 1100,523 833.0
1720489126 1098,525 638.5
1720489126 1102,526 687.0
1720489126 1101,526 407.0
1720489127 1102,523 775.5
1720489127 1103,525 648.0
1720489127 1101,525 598.0
1720489127 1100,525 624.0
1720489127 1103,524 787.0
1720489127 1102,526 816.0
1720489127 1102,527 901.0
1720489127 1101,525 812.0
1720489127 1102,522 662.0
1720489127 1104,522 605.0
1720489127 1103,525 787.0
1720489127 1104,524 702.0
1720489127 204,31 900.0
1720489127 1098,520 680.0
1720489127 1102,525 698.5
1720489128 1104,524 627.0
1720489128 1101,523 485.5
1720489128 1104,525 703.0
1720489128 1105,523 580.5
1720489128 1102,525 876.0
1720489128 1102,522 641.0
1720489128 1105,523 764.5
1720489128 1106,521 599.5
1720489128 1105,522 721.5
1720489128 1103,523 742.0
1720489128 1101,521 586.5
1720489128 1099,520 741.0
1720489128 264,148 1495.0
1720489128 1097,525 720.0
1720489129 1094,521 754.0
1720489129 1092,521 701.5
1720489129 1093,526 887.0
1720489129 1096,529 808.5
1720489129 1096,535 794.0
1720489129 221,790 42.0
1720489129 253,660 323.5
1720489129 222,211 351.5
1720489129 129,1073 184.5
1720489129 1661,1076 87.0
1720489129 188,141 199.0
1720489129 98,1049 209.0
1720489129 136,1072 135.5
1720489129 208,80 488.0
1720489129 741,1068 103.5
1720489130 1308,1029 67.5
1720489130 428,359 55.0
1720489130 1633,1008 48.0
1720489130 201,258 16.5
1720489130 1133,1034 301.0
1720489130 217,7 109.5
1720489130 1114,1070 126.5
1720489130 1597,525 223.0
1720489130 185,120 284.5
1720489130 283,643 72.5
1720489130 184,298 204.0
1720489130 419,756 108.5
1720489130 19,64 890.0
1720489130 1908,874 568.0
1720489130 254,625 38.5
1720489131 261,659 431.0
1720489131 48,77 1789.5
1720489131 1050,1014 493.0
1720489131 965,1020 246.5
1720489131 65,80 1227.0
1720489131 192,99 104.0
1720489131 26,375 465.0
1720489131 69,181 72.0
1720489131 270,656 387.5
1720489131 210,455 266.0
1720489131 82,94 222.0
1720489131 66,174 327.0
1720489131 178,307 36.0
1720489131 1301,585 23.5
1720489131 74,143 100.5
1720489132 281,655 191.5
1720489132 35,73 807.0
1720489132 154,951 333.5
1720489132 20,60 880.0
1720489132 53,326 60.0
1720489132 70,182 509.5
1720489132 11,92 125.5
1720489132 269,663 116.5
1720489132 14,60 279.5
1720489132 278,648 133.5
1720489132 14,71 311.0
1720489132 47,70 1028.5
1720489132 264,202 658.0
1720489132 1524,783 137.0
1720489132 6,439 141.5
1720489133 61,72 276.0
1720489133 280,445 519.0
1720489133 1752,819 383.0
1720489133 50,76 2970.5
1720489133 75,80 409.0
1720489133 178,127 137.0
1720489133 201,437 7.5
1720489133 7,35 171.5
1720489133 75,125 166.0
1720489133 6,39 230.0
1720489133 190,192 249.5
1720489133 25,50 506.0
1720489133 334,331 166.0
1720489133 280,641 100.5
1720489133 5,376 158.0
